2024-01-25 21:24:28.665 Warning Skipped logic in method
2024-01-25 21:24:28.677 Error I broke a logic
2024-01-25 21:24:28.681 Warning Skipped logic in method
2024-01-25 21:24:28.682 Info Start Method
2024-01-25 21:24:28.686 Warning Skipped logic in method
2024-01-25 21:24:28.687 Info Start Method
2024-01-25 21:24:28.691 Warning Skipped logic in method
2024-01-25 21:24:28.695 Warning Skipped logic in method
2024-01-25 21:24:28.699 Warning Skipped logic in method
2024-01-25 21:24:28.704 Error I broke a logic
2024-01-25 21:24:28.704 Info Start Method
2024-01-25 21:24:28.709 Warning Skipped logic in method
2024-01-25 21:24:28.709 Info Start Method
2024-01-25 21:24:28.713 Error I broke a logic
2024-01-25 21:24:28.718 Error I broke a logic
2024-01-25 21:24:28.722 Error I broke a logic
2024-01-25 21:24:28.722 Info Start Method
2024-01-25 21:24:28.727 Warning Skipped logic in method
2024-01-25 21:24:28.731 Warning Skipped logic in method
2024-01-25 21:24:28.735 Warning Skipped logic in method
2024-01-25 21:24:28.740 Error I broke a logic
2024-01-25 21:24:28.744 Error I broke a logic
2024-01-25 21:24:28.749 Error I broke a logic
2024-01-25 21:24:28.969 Warning Skipped logic in method
2024-01-25 21:24:28.974 Warning Skipped logic in method
2024-01-25 21:24:28.978 Error I broke a logic
2024-01-25 21:24:28.983 Error I broke a logic
2024-01-25 21:24:28.987 Error I broke a logic
2024-01-25 21:24:28.992 Error I broke a logic
2024-01-25 21:24:28.996 Warning Skipped logic in method
2024-01-25 21:24:28.997 Info Start Method
2024-01-25 21:24:29.001 Error I broke a logic
2024-01-25 21:24:29.002 Info Start Method
2024-01-25 21:24:29.003 Info Start Method
2024-01-25 21:24:29.003 Info Start Method
2024-01-25 21:24:29.008 Error I broke a logic
2024-01-25 21:24:29.008 Info Start Method
2024-01-25 21:24:29.009 Info Start Method
2024-01-25 21:24:29.009 Info Start Method
2024-01-25 21:24:29.010 Info Start Method
2024-01-25 21:24:29.014 Warning Skipped logic in method
2024-01-25 21:24:29.015 Info Start Method
2024-01-25 21:24:29.019 Error I broke a logic
2024-01-25 21:24:29.020 Info Start Method
2024-01-25 21:24:29.024 Warning Skipped logic in method
2024-01-25 21:24:30.008 Warning Skipped logic in method
2024-01-25 21:24:30.013 Warning Skipped logic in method
2024-01-25 21:24:30.013 Info Start Method
2024-01-25 21:24:30.014 Info Start Method
2024-01-25 21:24:30.014 Info Start Method
2024-01-25 21:24:30.015 Info Start Method
2024-01-25 21:24:30.019 Warning Skipped logic in method
2024-01-25 21:24:30.019 Info Start Method
2024-01-25 21:24:30.025 Warning Skipped logic in method
2024-01-25 21:24:30.030 Error I broke a logic
2024-01-25 21:24:30.031 Info Start Method
2024-01-25 21:24:30.037 Warning Skipped logic in method
2024-01-25 21:24:30.041 Error I broke a logic
2024-01-25 21:24:30.046 Error I broke a logic
2024-01-25 21:24:30.047 Info Start Method
2024-01-25 21:24:30.052 Warning Skipped logic in method
2024-01-25 21:24:30.054 Info Start Method
2024-01-25 21:24:30.059 Error I broke a logic
2024-01-25 21:24:30.063 Warning Skipped logic in method
2024-01-25 21:24:30.064 Info Start Method
2024-01-25 21:24:30.064 Info Start Method
2024-01-25 21:24:30.069 Warning Skipped logic in method
2024-01-25 21:24:30.073 Warning Skipped logic in method
2024-01-25 21:24:30.077 Error I broke a logic
2024-01-25 21:24:30.082 Warning Skipped logic in method
2024-01-25 21:24:30.088 Warning Skipped logic in method
2024-01-25 21:24:30.092 Warning Skipped logic in method
2024-01-25 21:24:30.099 Error I broke a logic
2024-01-25 21:24:30.105 Error I broke a logic
2024-01-25 21:24:30.109 Error I broke a logic
2024-01-25 21:24:30.110 Info Start Method
2024-01-25 21:24:30.114 Warning Skipped logic in method
2024-01-25 21:24:30.118 Warning Skipped logic in method
2024-01-25 21:24:30.122 Error I broke a logic
2024-01-25 21:24:30.127 Error I broke a logic
2024-01-25 21:24:30.131 Warning Skipped logic in method
2024-01-25 21:24:30.132 Info Start Method
2024-01-25 21:24:30.133 Info Start Method
2024-01-25 21:24:30.138 Warning Skipped logic in method
2024-01-25 21:24:30.143 Warning Skipped logic in method
2024-01-25 21:24:30.148 Error I broke a logic
2024-01-25 21:24:30.153 Warning Skipped logic in method
2024-01-25 21:24:30.153 Info Start Method
2024-01-25 21:24:30.158 Warning Skipped logic in method
2024-01-25 21:24:30.162 Warning Skipped logic in method
2024-01-25 21:24:30.166 Error I broke a logic
2024-01-25 21:24:30.170 Warning Skipped logic in method
2024-01-25 21:24:30.174 Error I broke a logic
2024-01-25 21:24:30.175 Info Start Method
2024-01-25 21:24:30.179 Error I broke a logic
2024-01-25 21:24:30.180 Info Start Method
2024-01-25 21:24:30.186 Error I broke a logic
2024-01-25 21:24:30.191 Error I broke a logic
2024-01-25 21:24:30.196 Error I broke a logic
2024-01-25 21:24:30.200 Warning Skipped logic in method
